9.237651100453514 -1.8685725141520304 -9.600946752063036 -8.822730884941294 -2.2355926596308096 -1.4169614777681483 -3.649023270602884 -4.365702731248073 
4.880746412405086 -6.353965976796399 -6.972748592432706 -9.4728349966556 -3.9865811828928654 -1.2794652983062993 -9.3072341701897 -3.1782345657289257 
8.957418346192902 -7.7601684876791985 -9.29494601286318 -6.665017619958014 -6.995506692828226 -6.992045657695894 -9.307412474232766 -0.1428342988982656 
0.6380956788852055 -7.653898351033805 -1.2126805637086258 -9.7349608494262 -4.980466357874038 -6.810427059462229 -8.705035813879945 -4.069139551611971 
3.5414642956498144 -5.141976580617883 -7.839555353847341 -7.506654288262499 -5.0019076968006795 -7.347130209133432 -9.646953865904933 -0.34508577192111534 
1.182218542995378 -4.965408184283162 -7.804753294434471 -8.152418408561438 -6.7428245910102 -3.057506295465713 -0.04443799645079238 -0.27662274060836767 
8.532363995695215 -2.184722147735 -5.108408286357106 -9.02567444315411 -4.817087523367077 -2.6354134048862585 -2.610452427062792 -1.8445443654367255 
6.957326643345204 -8.698435802427717 -8.932139366019701 -5.647337077219408 -4.921394893219832 -5.5380873541947935 -4.335594961990594 -6.6786977469028574 
3.484630397158873 -5.418933506701942 -8.341381870491785 -9.709011216072351 -5.1676759055736134 -4.690684168716887 -5.257576709726295 -0.04776219803708681 
6.010542188942325 -8.022660929669621 -5.811287486834374 -8.453042864046505 -3.575592895858677 -1.0962382747895405 -0.9948733934106246 -5.64430631022441 
2.9352795876225244 -9.233100764476468 -1.979760027644203 -7.413665127380455 -1.246705600154694 -9.97406546812046 -9.278145892157145 -6.507638842370843 
5.911158394442903 -9.79951084885452 -6.512659694605358 -3.3219039498962566 -6.815350415651315 -7.106198264304747 -2.1092772574479857 -2.300777980590273 
0.14190358851624008 -6.527515865846217 -7.5783585548262 -3.2432430381918076 -9.517293533522103 -0.9401030037777358 -4.803022910570888 -0.6545695899608073 
0.9972039553461731 -3.037223184593559 -4.014309541049573 -7.069959328152386 -8.37624658574808 -4.146713741704652 -2.760579915333751 -8.719121282303794 
2.160896116809392 -3.4057913012931005 -7.148258900276901 -9.562830992704392 -4.840003029686465 -3.102398706978863 -5.827626143671537 -8.632507260632604 
5.446666617944142 -9.007271822550205 -2.338723571451693 -9.826932516364286 -4.208073326691146 -6.9185910234524854 -2.6707014136062446 -5.755743274755352 
9.732146585628835 -9.075247635591076 -2.6878037240696786 -3.862793944890134 -2.4141530339247153 -0.7076718787176695 -7.160642463604825 -5.658048274860489 
0.017660847403407898 -4.179725474762045 -6.425781037304836 -9.049694836029714 -5.480468341408672 -0.3540186293740444 -3.9531849835956456 -6.866972970127394 
3.180808596416067 -4.556722444596376 -8.72054986772389 -2.5404789364867897 -6.7049358404050565 -2.621847086312971 -8.032856289441618 -4.380942551383922 
9.117960280665244 -7.838145230648986 -4.667558313902785 -9.61402622334854 -8.939732307950607 -2.4269919922087304 -4.146668525237236 -7.603911871357017 
4.92239820135074 -2.179912430652543 -3.271548891039725 -4.455073161936907 -7.460467257605473 -6.021388312291329 -7.303619767410929 -5.854024258923307 
7.427874842251526 -6.280921554462038 -0.6153527097367462 -3.583667454131371 -2.327252663788708 -1.5556734276651574 -8.272865195666004 -0.3301811501284413 
1.1117301980631844 -9.126680626232162 -9.188601753467045 -8.635067809196434 -3.6237310148511015 -0.26758879410684 -1.6643684811718662 -5.085279773106844 
5.8680541923059435 -1.063855834089391 -8.292426181865695 -5.7290832481272345 -1.7559339483892422 -9.347265714708104 -8.148575137638549 -4.011254791518422 
4.942716336683006 -6.546307505556339 -5.597160924621301 -1.2699434402758125 -2.779856713453267 -8.094946766265394 -1.8289526118913513 -8.482076536820278 
3.558809938098164 -8.421963794200686 -4.656046466424051 -9.404721532390006 -5.5394926195097804 -1.0264599322138157 -9.394961045824108 -7.507005851166927 
0.6733068319405022 -3.597395755781143 -2.141912017495847 -7.148512818199042 -8.558350025738843 -2.4318700163315423 -5.68779351763128 -9.478097213802613 
8.150365956308121 -6.99173071507119 -4.782151610923643 -6.338442427409828 -2.5721656363708245 -5.977453699815025 -8.620692398014718 -6.183947330549757 
9.5002275279422 -8.804669838247877 -7.675172576601094 -4.0109680478812475 -1.1329463594088895 -2.5799162732741774 -8.962154243184655 -1.0843923928803578 
0.08331094167219111 -9.526054972750803 -7.435719234438846 -4.375971547683257 -2.4659389508140883 -5.304413407429976 -2.2763908806429143 -9.755778488332629 
9.956554661340395 -1.9648332444564942 -8.609166461622749 -6.671666863335615 -2.43448531909722 -2.1716065123251624 -5.023808892012692 -2.4764833201173406 
1.0634737876525446 -5.979204659510385 -1.060540423768549 -8.125193928370805 -6.1402653913278415 -2.3209033347720243 -2.6989299202428487 -6.228717832750301 
6.749338986960346 -4.092280276075377 -9.48758049500437 -5.497250004586547 -5.0201806172847165 -1.9799647079154181 -9.969329704758717 -0.10563517163090452 
2.3291901512182536 -8.604125870970726 -9.838524413452332 -3.781238462621782 -5.47435981834596 -2.4131077674746457 -5.628738617680162 -5.4554287984736485 
9.259950541038895 -8.497729833002078 -7.1464691135227625 -8.733768525359384 -9.75324548978176 -1.1006903768309206 -5.797127996682569 -1.7803779634986805 
6.321480609324556 -5.39670263796118 -4.278994256684151 -7.686152219855912 -7.013229961667443 -3.354396844721953 -4.8758066860008045 -0.09179577718805954 
4.485453127645128 -6.047228979364309 -6.957976164770885 -7.442672296004909 -2.2241861236010685 -1.6695347936824911 -7.014210802180177 -2.2247062735394953 
0.9069914083177222 -6.1267077150006655 -5.116844414627413 -3.5819572177944625 -2.133832382333579 -3.671550163195617 -4.897494130281025 -1.8483094468688088 
0.8570768772450177 -8.251502535323334 -5.465046548066357 -8.347997324569963 -4.904128738666291 -9.114019713849622 -5.607648361925484 -4.365663734686916 
9.697166617753005 -0.5474842231123334 -6.215012026351927 -7.625690191048788 -1.3353380386454472 -5.072096891791657 -6.8411023765731995 -2.8294053710210134 
9.18813004164505 -0.7776537135576078 -8.12731485171014 -7.664532619943321 -5.976879523921824 -9.62602841010763 -9.801192314295921 -6.87181144634399 
6.213102221177735 -3.9789018667459275 -7.312852342631971 -1.232924128701982 -1.5909362312235231 -3.3209257911798726 -8.765156248179695 -3.0637271150115017 
4.312803809484693 -6.354894030702657 -8.244657376550546 -6.741530433095893 -3.2672587634768515 -6.974091608340482 -1.1862449074409132 -1.004724661334887 
2.5132652301057137 -0.026418161543756424 -0.6414029653830844 -5.822470991931976 -3.1684692154487815 -1.9546896555445248 -8.35029690890933 -1.8253127243791811 
2.3815301971691594 -4.05326410778606 -8.387051522091053 -7.091008542119691 -9.050108753904109 -5.045735691597098 -8.70059003545504 -7.20620426500915 
8.566521982012716 -0.8913292711259035 -9.306624326274646 -8.353251201539226 -0.762609032889926 -9.196663064638825 -8.156652910199712 -5.000805790774844 
1.9577526285178226 -3.301389824565897 -3.8149515095974773 -7.504731983385081 -5.92705200255023 -1.8752598294462042 -2.3232306043932835 -9.15061140841156 
4.99049859732906 -9.399091826193175 -5.483574859672174 -4.719141501770874 -6.023182499100058 -9.321107499910948 -2.972763752158547 -0.7733340766807062 
2.739027659273411 -3.601939674220529 -0.008814522312766693 -4.189390335334125 -2.101872429784575 -1.5165931893324403 -0.09791731707710083 -4.910624856707948 
7.658211486653125 -5.937604935311098 -6.1646469377014395 -1.5685672123003902 -3.2354677935063467 -5.758910914794044 -1.3852910706263544 -9.159501687804473 
4.290122229965293 -4.514908554220868 -1.6300526156566142 -2.161776238729428 -4.840342013381324 -6.46273543347887 -4.23640602001362 -5.300832556642567 
3.5919092825601617 -2.5758343223605884 -5.3008300134294695 -3.989106043352421 -2.029809163091482 -3.512071958803209 -9.517599253148788 -5.609858785380675 
9.722159547463958 -6.255629373699604 -7.294413877623356 -1.990270382041186 -2.458752809928159 -4.762969068962175 -6.7388402091006485 -6.070823376080924 
4.9794680735459265 -5.324418031529373 -1.0844148048147995 -9.687108605317276 -2.2591739277968026 -9.515937199364169 -9.747196069627673 -6.425104711156868 
2.5039239038884498 -7.167458064631155 -7.171281474436293 -8.01046355543453 -9.038268904818306 -3.075822951324765 -5.795855417837863 -6.302351465950747 
7.996035640912061 -9.24046056399692 -7.511798235522359 -7.6667365624859 -5.906193019280818 -9.942242794150848 -5.911443755024405 -9.5865240626847 
6.081192422351165 -2.44792882891538 -0.2709376413050191 -2.0768850618747523 -2.502629219918624 -2.69849717960298 -3.046062283023856 -6.671517168875393 
1.4902200590003523 -1.042163262018444 -6.507650142970761 -7.144537835342556 -7.998638620719685 -6.222944108075126 -2.7636348927827745 -7.934591745045514 
5.75174203799223 -4.832661379272055 -8.619984509206947 -3.2289957356363805 -1.2975621316144959 -7.058026618843211 -3.61227586783032 -4.634905414027659 
7.820907533446749 -8.063104461769509 -5.822620519035004 -7.483095172249711 -2.5494572294063955 -6.017081310656463 -3.20961722129033 -3.150084547071966 
4.228804762616848 -0.8613601831463569 -5.591726130406874 -7.78608242484127 -3.325643914164611 -2.442899943235081 -2.573525538006516 -4.687767520899922 
5.658687194976472 -0.3684128636832984 -4.219536674539585 -9.616185551798598 -7.84935247660918 -1.71759363587916 -3.919058021747144 -8.696212309194763 
7.963401910339525 -1.6644495621805488 -4.337539392268833 -9.728277202053563 -8.395542069737786 -7.795828866319861 -3.709299281994489 -1.852504332042989 
6.297433535451892 -6.102574868627572 -3.271295480429388 -4.166569951476722 -1.0943548554774707 -1.6424412644751873 -2.7097366965005865 -0.005467607574600741 
9.817715982905172 -8.559980122777825 -9.250037968791725 -9.662344655443265 -3.9235939792488983 -7.215885596195606 -1.8823915472382868 -8.531272006228921 
0.016853839699810802 -6.892741991731598 -0.7856725519551999 -5.520135833467786 -3.8296454100821817 -5.756848497140189 -8.986293985689988 -2.0504481874187586 
6.960794610636291 -6.9626480547081595 -4.298850819403199 -2.046482749680225 -7.094398490117176 -2.577590608635174 -2.4641078347416787 -3.7892209774888475 
7.808206926708298 -5.991119292468833 -3.0484397065080895 -4.285958579106505 -4.510543042592 -9.715992397163259 -3.6135590761625846 -5.035890641182473 
4.499160716797181 -3.4516914567227275 -8.195370700786274 -3.9859193195078744 -3.578160145256497 -6.860388448283066 -6.116371281040594 -6.257263068319144 
3.2518250440831364 -1.2975141618361885 -5.324488389214287 -3.8547234744369985 -7.189684523673009 -8.255756832917589 -4.565621389180034 -0.25326474439136937 
3.539626918889055 -4.503726415426104 -0.32634549509171773 -3.9192869562819044 -6.231496268211 -6.802273157951277 -5.859705956232854 -6.7781880225070985 
1.9562931035287023 -9.314588553203878 -8.424319250676417 -3.2359946231544843 -5.197853456376467 -5.438814898756638 -4.929146834931731 -7.282834660047236 
6.768765266834437 -6.9351373104394565 -8.226982505934977 -1.789024232387898 -4.306968126128049 -8.545380914870899 -4.194752110500949 -4.402074348997921 
8.449900978723132 -4.856803554096889 -8.993341167947673 -3.8024678342427745 -8.161227151625544 -5.882345712580781 -7.3198222704350115 -8.276807438399912 
2.85209836542065 -7.295428335330473 -9.578217242279964 -8.539106938498586 -2.5709219639949543 -2.0609118968961235 -4.2169362364602065 -2.830292042079815 
2.778897389395445 -2.0595116983691772 -0.1091866805965569 -3.162882674340821 -0.13230677850996853 -6.608068179898533 -2.0664886329372525 -1.696123155702074 
6.337237769920944 -7.5911833519690965 -2.2089771238581535 -1.6007357624563923 -2.2224975440602113 -9.143287749163703 -1.663068022070766 -3.444183424385553 
1.4358631294382207 -7.645340870905347 -0.7450117210298413 -4.1152611334831946 -0.40654416592840303 -9.672732847754833 -8.427263486302301 -3.742957333304955 
4.990340464386098 -0.26056720232249697 -5.381627182365793 -5.602435527170674 -3.994816541731349 -9.991019520231019 -9.574238210491622 -4.936377369059429 
4.559330067755008 -1.9635852009662336 -2.317853079164066 -5.001076967653391 -9.543492270090024 -6.491934892672619 -3.3936738670197997 -7.42713421121902 
0.6775265715030487 -8.604125870970726 -9.838524413452332 -3.781238462621782 -5.47435981834596 -2.4131077674746457 -8.935556176885076 -5.4554287984736485 
3.539626918889055 -4.503726415426104 -0.32634549509171773 -3.9192869562819044 -4.980466357874038 -6.802273157951277 -5.859705956232854 -6.7781880225070985 
7.820907533446749 -2.2402234592173986 -8.062048535291991 -7.483095172249711 -2.5494572294063955 -2.0324308441196823 -4.411917608135152 -3.150084547071966 
9.576342402873735 -0.20665754682129278 -2.856121666286373 -5.050255806975182 -2.040311243879247 -9.867970764555919 -9.3072341701897 -3.856486053225834 
0.08331094167219111 -9.526054972750803 -7.435719234438846 -4.166569951476722 -1.0943548554774707 -1.6424412644751873 -2.2763908806429143 -0.005467607574600741 
9.259950541038895 -8.497729833002078 -7.1464691135227625 -8.353251201539226 -9.75324548978176 -9.196663064638825 -8.156652910199712 -1.7803779634986805 
0.9069914083177222 -6.1267077150006655 -8.244657376550546 -3.5819572177944625 -2.133832382333579 -6.974091608340482 -1.1862449074409132 -1.004724661334887 
7.808206926708298 -4.05326410778606 -8.387051522091053 -7.091008542119691 -9.050108753904109 -5.045735691597098 -8.70059003545504 -7.20620426500915 
0.6733068319405022 -5.937604935311098 -6.1646469377014395 -1.5685672123003902 -8.558350025738843 -5.758910914794044 -1.3852910706263544 -9.159501687804473 
0.4102080519621909 -6.546307505556339 -8.289236617523198 -8.682359557248382 -2.779856713453267 -8.094946766265394 -9.581872304206687 -8.482076536820278 
3.5414642956498144 -5.141976580617883 -7.839555353847341 -7.506654288262499 -5.0019076968006795 7.879537849957528 -9.646953865904933 -0.34508577192111534 
1.182218542995378 -4.965408184283162 -7.804753294434471 -8.628373150002467 -6.7428245910102 -3.057506295465713 -0.04443799645079238 -0.27662274060836767 
9.237651100453514 -1.8685725141520304 -9.600946752063036 -9.15424525447831 -2.2355926596308096 -1.4169614777681483 -3.649023270602884 -4.365702731248073 
6.010542188942325 -8.022660929669621 -5.811287486834374 -8.453042864046505 -3.575592895858677 -1.0962382747895405 -1.2209297374354646 -5.64430631022441 
6.957326643345204 -8.698435802427717 -8.932139366019701 -4.151307660185518 -4.921394893219832 -5.5380873541947935 -4.335594961990594 -6.6786977469028574 
8.957418346192902 -7.7601684876791985 -9.29494601286318 -8.049972741416363 -6.995506692828226 -6.992045657695894 -9.307412474232766 -0.1428342988982656 
3.484630397158873 -5.418933506701942 -8.341381870491785 -9.709011216072351 -5.1676759055736134 -4.690684168716887 -5.257576709726295 -0.3066080158562401 
6.010542188942325 -8.022660929669621 -5.811287486834374 -8.453042864046505 -2.819047650517282 -1.0962382747895405 -0.9948733934106246 -5.64430631022441 
9.237651100453514 -1.8685725141520304 -7.73420440169161 -8.822730884941294 -2.2355926596308096 -1.4169614777681483 -3.649023270602884 -4.365702731248073 
1.182218542995378 -4.965408184283162 -7.804753294434471 -8.152418408561438 -6.7428245910102 -3.057506295465713 -0.04443799645079238 -1.253879184491691 
