8.59375 -10.195506393033147 -3.984375 -6.09375 -5.305685878057154 -1.09375 -3.59375 -3.1781569810552517 
8.59375 -10.738576355885453 -3.90625 -6.09375 -4.724489347898223 -1.09375 -3.59375 -3.144023634034819 
8.59375 -10.738576355885453 -3.90625 -6.09375 -4.6010170850014624 -1.09375 -3.59375 -2.34375 
8.59375 -9.53125 -3.984375 -6.09375 -5.305685878057154 -1.09375 -3.59375 -3.1781569810552517 
7.96875 -11.945684840068926 -3.90625 -5.546875 -3.28125 -1.09375 -5.46875 -4.21875 
8.59375 -9.53125 -2.599229290405189 -6.09375 -5.078125 -1.09375 -3.59375 -3.1781569810552517 
8.59375 -9.53125 -3.984375 -6.09375 -4.8111074009952794 -1.09375 -3.59375 -2.34375 
-8.537358205370465 -10.738576355885453 -3.90625 -6.09375 -3.28125 -1.09375 -3.59375 -2.34375 
8.59375 -9.53125 -3.90625 -5.78125 -3.3237464248757784 -0.15625 -3.59375 -2.34375 
8.59375 -11.945684840068926 -3.90625 -6.09375 -3.28125 -1.09375 -3.59375 -2.34375 
8.59375 -10.385625039596025 -3.90625 -6.09375 -3.28125 -1.09375 -3.59375 -1.703052243232114 
8.59375 -10.738576355885453 -3.90625 -6.09375 -4.6010170850014624 -1.09375 -4.413040918063561 -2.34375 
8.59375 -9.53125 -3.984375 -6.09375 -5.078125 -1.09375 -3.59375 -3.1781569810552517 
7.1875 -10.367992069176173 -3.90625 -5.508196400538376 -3.28125 -0.9375 -6.5625 -2.34375 
8.59375 -10.385625039596025 -2.306980655254417 -6.09375 -3.28125 -1.09375 -3.59375 -1.703052243232114 
8.59375 -10.738576355885453 -3.90625 -6.09375 -3.28125 -1.09375 -3.59375 -3.144023634034819 
8.59375 -9.53125 -3.984375 -6.09375 -5.305685878057154 -1.09375 -3.043075198646327 -3.1781569810552517 
8.59375 -10.367992069176173 -3.90625 -6.09375 -3.28125 -1.09375 -3.59375 -2.34375 
8.59375 -9.53125 -3.984375 -6.09375 -5.078125 -1.09375 -3.59375 -2.34375 
8.59375 -10.738576355885453 -3.90625 -6.09375 -3.28125 -1.09375 -3.59375 -3.077377579039329 
8.59375 -10.738576355885453 -5.077807539637338 -6.09375 -3.28125 -1.09375 -3.59375 -2.34375 
8.59375 -9.53125 -3.90625 -6.09375 -2.7286664613185065 -1.09375 -3.59375 -2.34375 
3.90625 -6.71875 -3.90625 -6.09375 -7.34375 -0.15625 -9.53125 -7.65625 
-6.630872370181555 -10.738576355885453 -3.90625 -6.09375 -3.28125 -1.09375 -3.59375 -2.34375 
8.59375 -11.945684840068926 -3.90625 -6.09375 -3.28125 0.6694419827634501 -3.59375 -2.34375 
3.359375 -3.359375 -6.09375 -2.734375 -3.359375 -0.078125 -7.265625 -3.90625 
8.59375 -10.367992069176173 -3.90625 -6.09375 -2.485667834705028 -1.09375 -3.59375 -2.34375 
8.59375 -9.53125 -3.984375 -6.09375 -4.743182776946978 -1.09375 -3.59375 -2.34375 
-9.542308497063283 -10.738576355885453 -3.90625 -6.09375 -3.28125 -1.09375 -3.59375 -3.077377579039329 
8.59375 -7.542959328567161 -3.90625 -6.09375 -3.28125 -1.09375 -3.59375 -2.34375 
3.90625 -7.5 -7.5 -7.5 -7.34375 -2.5 -9.53125 -2.5 
8.59375 -10.738576355885453 -3.90625 -6.09375 -3.28125 -1.09375 -3.59375 -1.703052243232114 
8.59375 -9.53125 -3.90625 -5.78125 -3.28125 -0.15625 -3.59375 -2.34375 
8.59375 -10.738576355885453 -3.90625 -6.815899775504901 -4.6010170850014624 -1.09375 -3.59375 -2.34375 
1.09375 -7.03125 -1.40625 -6.796875 -5.78125 -2.265625 -4.453125 -9.84375 
8.59375 -9.53125 -3.90625 -6.09375 -3.28125 -1.09375 -3.59375 -2.34375 
-6.630872370181555 -10.738576355885453 -3.90625 -6.09375 -3.28125 0.21744725355234595 -3.59375 -2.34375 
8.59375 -7.734375 -3.90625 -5.508196400538376 -3.28125 -1.09375 -3.59375 -8.125 
9.6875 -5.9375 -3.4375 -7.8125 -6.5625 -3.4375 -4.0625 -7.1875 
8.59375 -9.53125 -3.90625 -6.754351018424736 -3.28125 -1.09375 -3.59375 -2.34375 
4.609375 -9.39658661419193 -8.828125 -3.984375 -4.609375 -3.828125 -2.8981299549253245 -5.234375 
9.21875 -6.40625 -5.78125 -9.21875 -7.65625 -2.96875 -1.71875 -7.96875 
3.90625 -6.71875 -9.84375 -5.78125 -7.34375 -0.15625 -9.53125 -7.65625 
8.359375 -8.359375 -0.078125 -7.734375 -8.359375 -5.078125 -2.265625 -6.484375 
4.609375 -9.39658661419193 -8.828125 -3.984375 -6.320564372657359 -3.828125 -1.015625 -5.234375 
0.15625 -5.9375 -3.4375 -6.12789535701572 -8.59375 -1.40625 -4.0625 -8.080255211900004 
8.59375 -11.945684840068926 -3.90625 -6.09375 -3.28125 0.6968126290881864 -3.59375 -2.34375 
8.59375 -10.738576355885453 -3.90625 -6.09375 -3.28125 -1.09375 -3.59375 -2.34375 
9.6875 -5.9375 -3.4375 -7.8125 -6.5625 -3.4375 -4.0625 -6.202064245459983 
8.59375 -7.586391134799294 -3.90625 -6.09375 -3.28125 -1.09375 -3.59375 -2.34375 
8.359375 -10.004865447457355 -0.078125 -7.734375 -8.359375 -5.078125 -2.265625 -6.484375 
8.59375 -10.367992069176173 -3.90625 -6.09375 -3.28125 -1.09375 -3.59375 -2.34375 
9.6875 -5.9375 -4.459696671827632 -7.8125 -6.5625 -3.4375 -4.0625 -7.1875 
4.609375 -9.39658661419193 -8.828125 -3.984375 -6.501744379099293 -3.828125 -1.015625 -5.234375 
3.90625 -6.71875 -10.69296294864439 -5.78125 -7.34375 -0.15625 -9.53125 -7.65625 
0.15625 -7.96875 -3.59375 -6.12789535701572 -8.59375 -1.09375 -3.59375 -2.34375 
3.90625 -6.71875 -9.84375 -6.345198613563351 -7.34375 -0.15625 -9.53125 -7.65625 
5.625 -7.734375 -6.953125 -9.609375 -5.234375 -0.703125 -0.390625 -8.125 
8.59375 -10.367992069176173 -3.90625 -5.508196400538376 -3.28125 -1.09375 -3.59375 -2.34375 
4.375 -5.625 -1.875 -6.875 -8.125 -0.625 -6.875 -6.875 
8.59375 -10.385625039596025 -0.078125 -6.09375 -8.359375 -1.09375 -2.265625 -1.703052243232114 
6.796875 -8.046875 -8.515625 -5.546875 -9.921875 -3.515625 -8.203125 -6.171875 
4.609375 -9.609375 -8.828125 -3.984375 -4.609375 -3.828125 -1.015625 -5.234375 
3.90625 -6.71875 -10.69296294864439 -5.78125 -7.34375 1.4283008787459857 -9.53125 -7.65625 
-9.321051369744714 -5.78125 -7.65625 -4.84375 -2.03125 -2.34375 -2.34375 -8.59375 
2.1875 -8.4375 -0.9375 -5.3125 -4.0625 -5.9375 -1.5625 -4.6875 
3.359375 -3.359375 -5.078125 -2.734375 -3.359375 -0.078125 -7.265625 -1.484375 
6.796875 -8.828125 -8.515625 -6.015625 -9.921875 -3.515625 -8.203125 -6.171875 
1.875 -3.125 -9.375 -4.375 -5.625 -3.125 -4.375 -9.375 
9.6875 -5.9375 -3.4375 -7.8125 -6.5625 -3.4375 -4.0625 -8.080255211900004 
4.609375 -9.39658661419193 -8.828125 -3.984375 -4.609375 -3.828125 -1.015625 -5.234375 
0.15625 -7.96875 -3.59375 -4.53125 -8.59375 -1.40625 -5.78125 -1.40625 
7.96875 -8.046875 -9.53125 -5.546875 -9.921875 -3.515625 -5.46875 -4.21875 
0.15625 -7.8125 -3.59375 -4.53125 -8.59375 -1.40625 -5.78125 -1.40625 
3.671875 -8.671875 -4.140625 -7.421875 -6.796875 -7.890625 -8.828125 -6.796875 
1.484375 -7.734375 -6.953125 -9.609375 -5.234375 -0.703125 -0.390625 -5.859375 
7.34375 -5.78125 -7.000918085510999 -4.84375 -2.03125 -2.34375 -2.34375 -8.59375 
9.6875 -2.96875 -3.4375 -9.53125 -6.5625 -6.40625 -4.0625 -7.1875 
4.375 -5.625 -1.875 -6.875 -8.586726157112665 -0.625 -6.875 -6.875 
0.15625 -7.96875 -3.59375 -6.12789535701572 -8.59375 -1.40625 -5.78125 -1.40625 
5.546875 -4.296875 -7.265625 -6.796875 -8.671875 -2.265625 -4.453125 -2.421875 
2.734375 -6.484375 -0.703125 -6.09375 -8.984375 -1.09375 -3.59375 -4.609375 
6.171875 -6.171875 -1.640625 -9.921875 -4.296875 -0.390625 -6.328125 -4.296875 
2.890625 -8.828125 -6.484375 -6.015625 -7.578125 -8.671875 -6.484375 -8.515625 
5.0 -5.0 -5.0 -5.0 -5.0 -5.0 -5.0 -5.0 
8.671875 -3.671875 -9.140625 -2.421875 -1.796875 -2.890625 -3.828125 -1.796875 
8.046875 -6.796875 -4.765625 -4.296875 -6.171875 -4.765625 -6.953125 -4.921875 
4.921875 -4.921875 -0.390625 -6.171875 -5.546875 -6.640625 -2.578125 -0.546875 
6.875 -8.125 -4.375 -9.375 -5.859375 -8.125 -9.375 -8.984375 
5.625 -7.734375 -6.953125 -9.609375 -3.59375 -6.40625 -0.78125 -6.40625 
8.59375 -9.53125 -3.984375 -6.09375 -5.305685878057154 2.949250110971378 -3.59375 -3.1781569810552517 
6.796875 -6.484375 -8.515625 -0.859375 -9.921875 -1.953125 -8.203125 -6.171875 
4.0625 -9.0625 -2.8125 -0.9375 -5.9375 -9.0625 -2.1875 -4.0625 
7.5 -4.6875 -2.5 -0.859375 -8.984375 -7.5 -0.46875 -8.4375 
3.671875 -6.484375 -4.140625 -0.859375 -6.796875 -1.953125 -8.828125 -4.609375 
7.5 -2.5 -2.5 -0.859375 -8.984375 -7.5 -4.140625 -7.5 
5.46875 -7.65625 -2.03125 -0.46875 -6.40625 -4.21875 -2.96875 -1.71875 
2.734375 -6.484375 -0.703125 -0.859375 -8.984375 -1.953125 -4.140625 -4.609375 
7.1875 -3.4375 -5.9375 -0.3125 -9.0625 -0.9375 -6.5625 -9.6875 
0.0 -0.0 -0.0 -0.0 -0.0 -0.0 -0.0 -0.0 
