9.99901913995328 -9.146082595392578 -8.498336444549714 -3.780265888239227 -3.454162493658023 
9.99901913995328 -9.146082595392578 -8.605440563734408 -4.3370373670717495 -3.454162493658023 
9.99901913995328 -7.1857935342862564 -0.39428956350580413 -4.7836948807868644 -3.5448222193394265 
3.76120892300038 -9.678540205258233 -6.799922966624981 -4.0974471884196175 -2.7425169941837044 
11.950273215137617 -7.1857935342862564 -0.39428956350580413 -4.667983307478998 -3.454162493658023 
9.99901913995328 -9.146082595392578 -3.8559778407211875 -4.7836948807868644 -3.454162493658023 
9.99901913995328 -9.754960217871016 -0.39428956350580413 -4.3370373670717495 -3.454162493658023 
11.950273215137617 -8.97469986019451 -0.39428956350580413 -4.667983307478998 -3.454162493658023 
11.361393021608745 -7.1857935342862564 -0.39428956350580413 -4.7836948807868644 -3.454162493658023 
3.76120892300038 -9.678540205258233 -7.596231750018789 -4.0974471884196175 -2.7425169941837044 
9.99901913995328 -9.146082595392578 -8.498336444549714 -4.3370373670717495 -3.454162493658023 
11.655255086638178 -7.1857935342862564 -0.39428956350580413 -4.7836948807868644 -3.454162493658023 
11.518890782169002 -7.1857935342862564 -0.9832966493675066 -4.7836948807868644 -3.454162493658023 
9.99901913995328 -7.1857935342862564 -0.9832966493675066 -4.490786880916286 -3.454162493658023 
11.518890782169002 -7.1857935342862564 -0.39428956350580413 -4.7836948807868644 -3.454162493658023 
3.76120892300038 -9.678540205258233 -6.799922966624981 -4.0974471884196175 -2.33310310378261 
11.655255086638178 -8.847717573292313 -0.39428956350580413 -4.7836948807868644 -2.170882089007739 
11.518890782169002 -6.854211482453807 -0.39428956350580413 -4.7836948807868644 -3.454162493658023 
11.518890782169002 -7.1857935342862564 -0.9832966493675066 -4.7836948807868644 -3.454162493658023 
10.41337995440485 -9.146082595392578 -8.605440563734408 -4.3370373670717495 -3.454162493658023 
10.850988237920035 -7.1857935342862564 -0.39428956350580413 -4.7836948807868644 -3.454162493658023 
11.518890782169002 -6.412294488062212 -0.9832966493675066 -4.7836948807868644 -3.454162493658023 
12.265539833314463 -7.1857935342862564 -0.5529337719076335 -4.7836948807868644 -3.454162493658023 
11.885218193316563 -6.2091758769122105 -0.39428956350580413 -4.667983307478998 -3.454162493658023 
8.062871903758364 -9.146082595392578 -8.605440563734408 -4.3370373670717495 -3.454162493658023 
9.99901913995328 -7.1857935342862564 -0.39428956350580413 -4.7836948807868644 -3.5448222193394265 
11.587220112166591 -9.754960217871016 -0.39428956350580413 -4.7836948807868644 -2.170882089007739 
9.99901913995328 -7.5893766557969125 -0.39428956350580413 -4.667983307478998 -3.454162493658023 
10.311371307317861 -6.4674371437183025 -0.39428956350580413 -4.5131486078744425 -3.454162493658023 
1.0120334074988413 -7.6809865031067295 -6.970288368389391 -5.4911565008367305 -4.323982080339505 
9.99901913995328 -7.1857935342862564 -0.39428956350580413 -4.490786880916286 -3.454162493658023 
12.265539833314463 -7.1857935342862564 -2.7565837996155373 -4.7836948807868644 -3.454162493658023 
9.99901913995328 -7.1857935342862564 -1.6106669566118783 -3.640746493396697 -3.454162493658023 
9.99901913995328 -6.48730576804479 -0.39428956350580413 -4.7836948807868644 -3.454162493658023 
4.625390331541579 -9.678540205258233 -6.782626681651692 -4.0974471884196175 -2.33310310378261 
9.99901913995328 -7.1857935342862564 -3.8559778407211875 -4.7836948807868644 -4.527201739187477 
3.76120892300038 -9.678540205258233 -6.782626681651692 -4.0974471884196175 -2.33310310378261 
10.311371307317861 -6.4674371437183025 -0.39428956350580413 -4.062571284054587 -3.454162493658023 
11.587220112166591 -7.1857935342862564 -0.39428956350580413 -4.7836948807868644 -2.170882089007739 
11.518890782169002 -7.1857935342862564 -9.555342187837471 -4.7836948807868644 -3.454162493658023 
9.99901913995328 -7.1857935342862564 -1.6106669566118783 -4.551492437397981 -3.454162493658023 
9.99901913995328 -6.48730576804479 -0.39428956350580413 -4.667983307478998 -3.454162493658023 
2.952985431748926 -9.678540205258233 -6.782626681651692 -4.0974471884196175 -2.33310310378261 
10.311371307317861 -6.4674371437183025 -0.39428956350580413 -4.7836948807868644 -3.454162493658023 
3.5438693818765286 -9.754960217871016 -6.799922966624981 -4.3370373670717495 -3.466927087559333 
10.311371307317861 -6.4674371437183025 -3.8559778407211875 -4.5131486078744425 -3.454162493658023 
11.39718159806548 -7.1857935342862564 -0.39428956350580413 -4.7836948807868644 -3.454162493658023 
12.265539833314463 -7.1857935342862564 -0.39428956350580413 -4.7836948807868644 -3.454162493658023 
3.5438693818765286 -9.754960217871016 -7.504822171532483 -4.3370373670717495 -4.433027284150155 
9.99901913995328 -8.524290447945239 -1.6106669566118783 -3.640746493396697 -3.454162493658023 
4.434486896183949 -9.754960217871016 -7.504822171532483 -4.3370373670717495 -4.433027284150155 
9.99901913995328 -7.5893766557969125 -0.528693801734667 -4.667983307478998 -3.454162493658023 
9.99901913995328 -7.1857935342862564 -0.39428956350580413 -4.667983307478998 -3.454162493658023 
3.5438693818765286 -9.146082595392578 -1.6106669566118783 -4.3370373670717495 -3.454162493658023 
3.5438693818765286 -9.146082595392578 -8.498336444549714 -4.3370373670717495 -4.4859518497294095 
11.885218193316563 -7.5893766557969125 -0.39428956350580413 -4.667983307478998 -3.454162493658023 
3.5438693818765286 -9.146082595392578 -6.799922966624981 -4.3370373670717495 -4.4859518497294095 
11.655255086638178 -7.5486426993164475 -0.39428956350580413 -4.7836948807868644 -2.170882089007739 
3.5438693818765286 -9.754960217871016 -6.799922966624981 -4.3370373670717495 -4.4859518497294095 
9.99901913995328 -7.1857935342862564 -3.8559778407211875 -4.7836948807868644 -3.454162493658023 
2.0419146412998845 -8.338372607564178 -7.430860198923822 -2.6358173576153154 -3.3814689083423612 
3.76120892300038 -9.696472520480134 -6.782626681651692 -4.0974471884196175 -2.33310310378261 
9.99901913995328 -7.6809865031067295 -0.39428956350580413 -3.640746493396697 -3.454162493658023 
3.5438693818765286 -9.146082595392578 -6.799922966624981 -4.3370373670717495 -4.4859518497294095 
11.885218193316563 -7.38916176408169 -0.39428956350580413 -4.667983307478998 -3.454162493658023 
5.172550743610081 -9.884045293432871 -3.1927987823664616 -5.764383133902452 -5.892212765989386 
1.3853660729654602 -9.16249423217739 -7.430860198923822 -2.6358173576153154 -3.3814689083423612 
3.5438693818765286 -9.754960217871016 -6.799922966624981 -5.551478148170265 -4.4859518497294095 
2.0419146412998845 -9.16249423217739 -7.430860198923822 -2.6358173576153154 -3.3814689083423612 
9.99901913995328 -8.228923548235308 -0.39428956350580413 -4.667983307478998 -4.323436238826451 
9.99901913995328 -8.228923548235308 -0.39428956350580413 -4.667983307478998 -3.454162493658023 
9.99901913995328 -7.1857935342862564 -3.8559778407211875 -4.7836948807868644 -4.527201739187477 
3.76120892300038 -11.0793545183746 -6.799922966624981 -4.0974471884196175 -2.33310310378261 
9.99901913995328 -7.5893766557969125 -0.39428956350580413 -4.667983307478998 -4.433027284150155 
8.626744940783071 -7.983593787285523 -2.7565837996155373 -7.930404231352478 -6.116705188477671 
9.99901913995328 -7.1857935342862564 -0.39428956350580413 -4.7836948807868644 -3.454162493658023 
3.5438693818765286 -7.1857935342862564 -8.498336444549714 -4.7836948807868644 -3.454162493658023 
11.655255086638178 -7.1857935342862564 -0.39428956350580413 -4.7836948807868644 -2.170882089007739 
3.5438693818765286 -9.754960217871016 -6.799922966624981 -4.3370373670717495 -4.433027284150155 
11.655255086638178 -7.1857935342862564 -0.39428956350580413 -4.7836948807868644 -2.170882089007739 
9.99901913995328 -7.1857935342862564 -0.39428956350580413 -4.490786880916286 -3.9224859820958637 
9.99901913995328 -7.1857935342862564 -3.8559778407211875 -4.7836948807868644 -3.5448222193394265 
11.361393021608745 -7.1857935342862564 -6.799922966624981 -4.7836948807868644 -4.4859518497294095 
5.478645430106955 -9.146082595392578 -6.799922966624981 -4.3370373670717495 -4.4859518497294095 
0.39459406452375223 -5.0914576039232085 -4.888038299014879 -3.640746493396697 -2.0006610483333453 
0.39459406452375223 -4.826927636342322 -1.6551629137091428 -3.640746493396697 -1.9129789758626596 
9.99901913995328 -7.1857935342862564 -0.39428956350580413 -3.9698647159385585 -3.454162493658023 
5.172550743610081 -9.263928560536625 -3.1927987823664616 -7.080599406739589 -5.892212765989386 
2.0419146412998845 -9.253088227054555 -7.430860198923822 -2.6358173576153154 -3.3814689083423612 
5.172550743610081 -9.263928560536625 -3.1927987823664616 -5.764383133902452 -5.892212765989386 
2.0419146412998845 -8.338372607564178 -0.39428956350580413 -4.7836948807868644 -2.170882089007739 
2.0419146412998845 -9.16249423217739 -3.1927987823664616 -5.764383133902452 -5.892212765989386 
5.172550743610081 -9.263928560536625 -3.303270829715945 -5.764383133902452 -5.892212765989386 
11.518890782169002 -7.1857935342862564 -0.39428956350580413 -4.7836948807868644 -1.785888039106925 
10.311371307317861 -6.4674371437183025 -0.39428956350580413 -4.7836948807868644 -4.433027284150155 
3.5438693818765286 -9.754960217871016 -6.799922966624981 -4.959043737091573 -6.206260332914894 
2.0419146412998845 -8.338372607564178 -7.430860198923822 -2.6358173576153154 -3.3814689083423612 
0.39459406452375223 -5.0914576039232085 -4.888038299014879 -3.640746493396697 -1.9129789758626596 
9.99901913995328 -7.1857935342862564 -0.39428956350580413 -5.336699502776888 -3.5448222193394265 
3.5438693818765286 -9.754960217871016 -6.799922966624981 -4.3370373670717495 -4.1778052390012705 
